(kicad_pcb (version 20171130) (host pcbnew 5.0.2-bee76a0~70~ubuntu18.04.1)

  (general
    (thickness 1.6)
    (drawings 26)
    (tracks 141)
    (zones 0)
    (modules 25)
    (nets 34)
  )

  (page A4)
  (title_block
    (date 2019-04-06)
  )

  (layers
    (0 F.Cu signal)
    (31 B.Cu signal)
    (32 B.Adhes user)
    (33 F.Adhes user)
    (34 B.Paste user)
    (35 F.Paste user)
    (36 B.SilkS user)
    (37 F.SilkS user)
    (38 B.Mask user)
    (39 F.Mask user)
    (40 Dwgs.User user)
    (41 Cmts.User user)
    (42 Eco1.User user)
    (43 Eco2.User user)
    (44 Edge.Cuts user)
    (45 Margin user)
    (46 B.CrtYd user)
    (47 F.CrtYd user)
    (48 B.Fab user)
    (49 F.Fab user)
  )

  (setup
    (last_trace_width 0.3)
    (trace_clearance 0.2)
    (zone_clearance 0.5)
    (zone_45_only no)
    (trace_min 0.2)
    (segment_width 0.2)
    (edge_width 0.15)
    (via_size 0.8)
    (via_drill 0.4)
    (via_min_size 0.4)
    (via_min_drill 0.3)
    (uvia_size 0.3)
    (uvia_drill 0.1)
    (uvias_allowed no)
    (uvia_min_size 0.2)
    (uvia_min_drill 0.1)
    (pcb_text_width 0.3)
    (pcb_text_size 1.5 1.5)
    (mod_edge_width 0.15)
    (mod_text_size 0.7 0.7)
    (mod_text_width 0.15)
    (pad_size 1.524 1.524)
    (pad_drill 0.762)
    (pad_to_mask_clearance 0.051)
    (solder_mask_min_width 0.25)
    (aux_axis_origin 0 0)
    (grid_origin 178 152)
    (visible_elements FFFFFF7F)
    (pcbplotparams
      (layerselection 0x010fc_ffffffff)
      (usegerberextensions false)
      (usegerberattributes false)
      (usegerberadvancedattributes false)
      (creategerberjobfile false)
      (excludeedgelayer true)
      (linewidth 0.100000)
      (plotframeref false)
      (viasonmask false)
      (mode 1)
      (useauxorigin false)
      (hpglpennumber 1)
      (hpglpenspeed 20)
      (hpglpendiameter 15.000000)
      (psnegative false)
      (psa4output false)
      (plotreference true)
      (plotvalue true)
      (plotinvisibletext false)
      (padsonsilk false)
      (subtractmaskfromsilk false)
      (outputformat 1)
      (mirror false)
      (drillshape 0)
      (scaleselection 1)
      (outputdirectory "Gerbers/"))
  )

  (net 0 "")
  (net 1 GND)
  (net 2 /NRST)
  (net 3 VDDA)
  (net 4 VCC)
  (net 5 /SENS_ENA)
  (net 6 "Net-(J4-Pad2)")
  (net 7 /PF0)
  (net 8 /PF1)
  (net 9 /BAT_LO)
  (net 10 /UART_TX)
  (net 11 /UART_RX)
  (net 12 "Net-(LD13-Pad2)")
  (net 13 /OUT1)
  (net 14 "Net-(LD3-Pad2)")
  (net 15 /SWDIO)
  (net 16 /SWCLK)
  (net 17 /PA11)
  (net 18 /ADC_SOIL1)
  (net 19 +5V)
  (net 20 "Net-(U1-Pad8)")
  (net 21 "Net-(U1-Pad11)")
  (net 22 "Net-(U1-Pad12)")
  (net 23 "Net-(U1-Pad13)")
  (net 24 "Net-(U1-Pad14)")
  (net 25 "Net-(U1-Pad22)")
  (net 26 "Net-(U1-Pad26)")
  (net 27 "Net-(U1-Pad28)")
  (net 28 "Net-(U1-Pad29)")
  (net 29 "Net-(U1-Pad30)")
  (net 30 "Net-(SB1-Pad2)")
  (net 31 "Net-(U1-Pad15)")
  (net 32 "Net-(U1-Pad27)")
  (net 33 "Net-(U1-Pad18)")

  (net_class Default "This is the default net class."
    (clearance 0.2)
    (trace_width 0.3)
    (via_dia 0.8)
    (via_drill 0.4)
    (uvia_dia 0.3)
    (uvia_drill 0.1)
    (add_net +5V)
    (add_net /ADC_SOIL1)
    (add_net /BAT_LO)
    (add_net /NRST)
    (add_net /OUT1)
    (add_net /PA11)
    (add_net /PF0)
    (add_net /PF1)
    (add_net /SENS_ENA)
    (add_net /SWCLK)
    (add_net /SWDIO)
    (add_net /UART_RX)
    (add_net /UART_TX)
    (add_net GND)
    (add_net "Net-(J4-Pad2)")
    (add_net "Net-(LD13-Pad2)")
    (add_net "Net-(LD3-Pad2)")
    (add_net "Net-(SB1-Pad2)")
    (add_net "Net-(U1-Pad11)")
    (add_net "Net-(U1-Pad12)")
    (add_net "Net-(U1-Pad13)")
    (add_net "Net-(U1-Pad14)")
    (add_net "Net-(U1-Pad15)")
    (add_net "Net-(U1-Pad18)")
    (add_net "Net-(U1-Pad22)")
    (add_net "Net-(U1-Pad26)")
    (add_net "Net-(U1-Pad27)")
    (add_net "Net-(U1-Pad28)")
    (add_net "Net-(U1-Pad29)")
    (add_net "Net-(U1-Pad30)")
    (add_net "Net-(U1-Pad8)")
    (add_net VCC)
    (add_net VDDA)
  )

  (module MRS_Connectors:SB0603 (layer F.Cu) (tedit 5CF92BEB) (tstamp 5CF94983)
    (at 225.8 85.6 180)
    (path /5D002CD0)
    (fp_text reference SB2 (at -2.5 0 180) (layer F.SilkS)
      (effects (font (size 0.7 0.7) (thickness 0.15)))
    )
    (fp_text value SolderBridge (at 0 -1.25 180) (layer F.Fab) hide
      (effects (font (size 1 1) (thickness 0.15)))
    )
    (fp_text user %R (at 0.01 0.02 180) (layer F.Fab)
      (effects (font (size 0.4 0.4) (thickness 0.06)))
    )
    (fp_line (start -1.35 -0.6) (end -1.35 0.6) (layer F.SilkS) (width 0.15))
    (fp_poly (pts (xy -0.35 -0.475) (xy -0.35 0.475) (xy 0.01 0)) (layer F.Mask) (width 0))
    (fp_poly (pts (xy 0.35 -0.475) (xy 0.35 0.475) (xy -0.1 0.475) (xy 0.3 0)
      (xy -0.1 -0.475)) (layer F.Mask) (width 0))
    (fp_line (start -1.35 -0.6) (end 1.35 -0.6) (layer F.SilkS) (width 0.15))
    (fp_line (start 1.48 -0.73) (end 1.48 0.73) (layer F.CrtYd) (width 0.05))
    (fp_poly (pts (xy 0.35 -0.475) (xy 0.35 0.475) (xy -0.1 0.475) (xy 0.25 0)
      (xy -0.1 -0.475)) (layer F.Cu) (width 0))
    (fp_line (start 1.48 0.73) (end -1.48 0.73) (layer F.CrtYd) (width 0.05))
    (fp_poly (pts (xy -0.35 -0.475) (xy -0.35 0.475) (xy 0.01 0)) (layer F.Cu) (width 0))
    (fp_line (start 1.35 -0.6) (end 1.35 0.6) (layer F.SilkS) (width 0.15))
    (fp_line (start -1.35 0.6) (end 1.35 0.6) (layer F.SilkS) (width 0.15))
    (fp_line (start -1.48 -0.73) (end 1.48 -0.73) (layer F.CrtYd) (width 0.05))
    (fp_line (start -1.48 0.73) (end -1.48 -0.73) (layer F.CrtYd) (width 0.05))
    (fp_line (start 1.35 0.6) (end -1.35 0.6) (layer F.Fab) (width 0.15))
    (fp_line (start -1.35 -0.6) (end 1.35 -0.6) (layer F.Fab) (width 0.15))
    (fp_line (start 1.35 -0.6) (end 1.35 0.6) (layer F.Fab) (width 0.15))
    (fp_line (start -1.35 0.6) (end -1.35 -0.6) (layer F.Fab) (width 0.15))
    (pad 1 smd rect (at -0.7875 0 180) (size 0.875 0.95) (layers F.Cu F.Mask)
      (net 4 VCC) (zone_connect 0))
    (pad 2 smd rect (at 0.7875 0 180) (size 0.875 0.95) (layers F.Cu F.Mask)
      (net 3 VDDA))
  )

  (module MRS_Connectors:Header_1x02_P2.54mm (layer F.Cu) (tedit 5CF92883) (tstamp 5CFA112E)
    (at 217 109 270)
    (descr "Through hole straight pin header, 1x02, 2.54mm pitch, single row")
    (tags "Through hole pin header THT 1x02 2.54mm single row")
    (path /5CA6EBCF)
    (fp_text reference BAT1 (at 0 -1.9 270) (layer F.SilkS)
      (effects (font (size 0.7 0.7) (thickness 0.15)))
    )
    (fp_text value Battery (at 0 4.87 270) (layer F.Fab) hide
      (effects (font (size 1 1) (thickness 0.15)))
    )
    (fp_line (start -1.3 3.9) (end -1.3 3.8) (layer F.SilkS) (width 0.15))
    (fp_line (start 1.3 3.9) (end -1.3 3.9) (layer F.SilkS) (width 0.15))
    (fp_line (start 1.3 -1.3) (end 1.3 3.9) (layer F.SilkS) (width 0.15))
    (fp_line (start -1.3 -1.3) (end 1.3 -1.3) (layer F.SilkS) (width 0.15))
    (fp_line (start -1.3 3.8) (end -1.3 -1.3) (layer F.SilkS) (width 0.15))
    (fp_text user %R (at 0 1.27 180) (layer F.Fab)
      (effects (font (size 1 1) (thickness 0.15)))
    )
    (fp_line (start 1.8 -1.8) (end -1.8 -1.8) (layer F.CrtYd) (width 0.05))
    (fp_line (start 1.8 4.35) (end 1.8 -1.8) (layer F.CrtYd) (width 0.05))
    (fp_line (start -1.8 4.35) (end 1.8 4.35) (layer F.CrtYd) (width 0.05))
    (fp_line (start -1.8 -1.8) (end -1.8 4.35) (layer F.CrtYd) (width 0.05))
    (fp_line (start -1.27 -0.635) (end -0.635 -1.27) (layer F.Fab) (width 0.1))
    (fp_line (start -1.27 3.81) (end -1.27 -0.635) (layer F.Fab) (width 0.1))
    (fp_line (start 1.27 3.81) (end -1.27 3.81) (layer F.Fab) (width 0.1))
    (fp_line (start 1.27 -1.27) (end 1.27 3.81) (layer F.Fab) (width 0.1))
    (fp_line (start -0.635 -1.27) (end 1.27 -1.27) (layer F.Fab) (width 0.1))
    (pad 2 thru_hole oval (at 0 2.54 270) (size 1.7 1.7) (drill 1) (layers *.Cu *.Mask)
      (net 1 GND))
    (pad 1 thru_hole rect (at 0 0 270) (size 1.7 1.7) (drill 1) (layers *.Cu *.Mask)
      (net 19 +5V))
  )

  (module MRS_Connectors:Header_1x02_P2.54mm (layer F.Cu) (tedit 5CFA1108) (tstamp 5CFA11BD)
    (at 220.75 109 90)
    (descr "Through hole straight pin header, 1x02, 2.54mm pitch, single row")
    (tags "Through hole pin header THT 1x02 2.54mm single row")
    (path /5D028386)
    (fp_text reference J4 (at 0 4.45 90) (layer F.SilkS)
      (effects (font (size 0.7 0.7) (thickness 0.15)))
    )
    (fp_text value Header_1x2 (at 0 4.87 90) (layer F.Fab) hide
      (effects (font (size 1 1) (thickness 0.15)))
    )
    (fp_line (start -0.635 -1.27) (end 1.27 -1.27) (layer F.Fab) (width 0.1))
    (fp_line (start 1.27 -1.27) (end 1.27 3.81) (layer F.Fab) (width 0.1))
    (fp_line (start 1.27 3.81) (end -1.27 3.81) (layer F.Fab) (width 0.1))
    (fp_line (start -1.27 3.81) (end -1.27 -0.635) (layer F.Fab) (width 0.1))
    (fp_line (start -1.27 -0.635) (end -0.635 -1.27) (layer F.Fab) (width 0.1))
    (fp_line (start -1.8 -1.8) (end -1.8 4.35) (layer F.CrtYd) (width 0.05))
    (fp_line (start -1.8 4.35) (end 1.8 4.35) (layer F.CrtYd) (width 0.05))
    (fp_line (start 1.8 4.35) (end 1.8 -1.8) (layer F.CrtYd) (width 0.05))
    (fp_line (start 1.8 -1.8) (end -1.8 -1.8) (layer F.CrtYd) (width 0.05))
    (fp_text user %R (at 0 1.27 180) (layer F.Fab)
      (effects (font (size 1 1) (thickness 0.15)))
    )
    (fp_line (start -1.3 3.8) (end -1.3 -1.3) (layer F.SilkS) (width 0.15))
    (fp_line (start -1.3 -1.3) (end 1.3 -1.3) (layer F.SilkS) (width 0.15))
    (fp_line (start 1.3 -1.3) (end 1.3 3.9) (layer F.SilkS) (width 0.15))
    (fp_line (start 1.3 3.9) (end -1.3 3.9) (layer F.SilkS) (width 0.15))
    (fp_line (start -1.3 3.9) (end -1.3 3.8) (layer F.SilkS) (width 0.15))
    (pad 1 thru_hole rect (at 0 0 90) (size 1.7 1.7) (drill 1) (layers *.Cu *.Mask)
      (net 19 +5V))
    (pad 2 thru_hole oval (at 0 2.54 90) (size 1.7 1.7) (drill 1) (layers *.Cu *.Mask)
      (net 6 "Net-(J4-Pad2)"))
  )

  (module MRS_Connectors:Header_1x03_P2.54mm (layer F.Cu) (tedit 5CF92879) (tstamp 5CF940D4)
    (at 232 104)
    (descr "Through hole straight pin header, 1x03, 2.54mm pitch, single row")
    (tags "Through hole pin header THT 1x03 2.54mm single row")
    (path /5D0289F1)
    (fp_text reference J2 (at 0 -2.33) (layer F.SilkS)
      (effects (font (size 0.7 0.7) (thickness 0.15)))
    )
    (fp_text value Header_1x3 (at 0 7.41) (layer F.Fab) hide
      (effects (font (size 1 1) (thickness 0.15)))
    )
    (fp_line (start 1.3 6.4) (end 1.3 -1.3) (layer F.SilkS) (width 0.15))
    (fp_line (start -1.3 6.4) (end 1.3 6.4) (layer F.SilkS) (width 0.15))
    (fp_line (start -1.3 -1.3) (end -1.3 6.4) (layer F.SilkS) (width 0.15))
    (fp_line (start 1.3 -1.3) (end -1.3 -1.3) (layer F.SilkS) (width 0.15))
    (fp_text user %R (at 0 2.54 90) (layer F.Fab)
      (effects (font (size 1 1) (thickness 0.15)))
    )
    (fp_line (start 1.8 -1.8) (end -1.8 -1.8) (layer F.CrtYd) (width 0.05))
    (fp_line (start 1.8 6.85) (end 1.8 -1.8) (layer F.CrtYd) (width 0.05))
    (fp_line (start -1.8 6.85) (end 1.8 6.85) (layer F.CrtYd) (width 0.05))
    (fp_line (start -1.8 -1.8) (end -1.8 6.85) (layer F.CrtYd) (width 0.05))
    (fp_line (start -1.27 -0.635) (end -0.635 -1.27) (layer F.Fab) (width 0.1))
    (fp_line (start -1.27 6.35) (end -1.27 -0.635) (layer F.Fab) (width 0.1))
    (fp_line (start 1.27 6.35) (end -1.27 6.35) (layer F.Fab) (width 0.1))
    (fp_line (start 1.27 -1.27) (end 1.27 6.35) (layer F.Fab) (width 0.1))
    (fp_line (start -0.635 -1.27) (end 1.27 -1.27) (layer F.Fab) (width 0.1))
    (pad 3 thru_hole oval (at 0 5.08) (size 1.7 1.7) (drill 1) (layers *.Cu *.Mask)
      (net 1 GND))
    (pad 2 thru_hole oval (at 0 2.54) (size 1.7 1.7) (drill 1) (layers *.Cu *.Mask)
      (net 10 /UART_TX))
    (pad 1 thru_hole rect (at 0 0) (size 1.7 1.7) (drill 1) (layers *.Cu *.Mask)
      (net 11 /UART_RX))
  )

  (module MRS_Connectors:Header_1x03_P2.54mm (layer F.Cu) (tedit 5CF92B34) (tstamp 5CF940C0)
    (at 225.5 83 270)
    (descr "Through hole straight pin header, 1x03, 2.54mm pitch, single row")
    (tags "Through hole pin header THT 1x03 2.54mm single row")
    (path /5D0282F4)
    (fp_text reference J3 (at 0 7.5 270) (layer F.SilkS)
      (effects (font (size 0.7 0.7) (thickness 0.15)))
    )
    (fp_text value Header_1x3 (at 0 7.41 270) (layer F.Fab) hide
      (effects (font (size 1 1) (thickness 0.15)))
    )
    (fp_line (start -0.635 -1.27) (end 1.27 -1.27) (layer F.Fab) (width 0.1))
    (fp_line (start 1.27 -1.27) (end 1.27 6.35) (layer F.Fab) (width 0.1))
    (fp_line (start 1.27 6.35) (end -1.27 6.35) (layer F.Fab) (width 0.1))
    (fp_line (start -1.27 6.35) (end -1.27 -0.635) (layer F.Fab) (width 0.1))
    (fp_line (start -1.27 -0.635) (end -0.635 -1.27) (layer F.Fab) (width 0.1))
    (fp_line (start -1.8 -1.8) (end -1.8 6.85) (layer F.CrtYd) (width 0.05))
    (fp_line (start -1.8 6.85) (end 1.8 6.85) (layer F.CrtYd) (width 0.05))
    (fp_line (start 1.8 6.85) (end 1.8 -1.8) (layer F.CrtYd) (width 0.05))
    (fp_line (start 1.8 -1.8) (end -1.8 -1.8) (layer F.CrtYd) (width 0.05))
    (fp_text user %R (at 0 2.54) (layer F.Fab)
      (effects (font (size 1 1) (thickness 0.15)))
    )
    (fp_line (start 1.3 -1.3) (end -1.3 -1.3) (layer F.SilkS) (width 0.15))
    (fp_line (start -1.3 -1.3) (end -1.3 6.4) (layer F.SilkS) (width 0.15))
    (fp_line (start -1.3 6.4) (end 1.3 6.4) (layer F.SilkS) (width 0.15))
    (fp_line (start 1.3 6.4) (end 1.3 -1.3) (layer F.SilkS) (width 0.15))
    (pad 1 thru_hole rect (at 0 0 270) (size 1.7 1.7) (drill 1) (layers *.Cu *.Mask)
      (net 3 VDDA))
    (pad 2 thru_hole oval (at 0 2.54 270) (size 1.7 1.7) (drill 1) (layers *.Cu *.Mask)
      (net 18 /ADC_SOIL1))
    (pad 3 thru_hole oval (at 0 5.08 270) (size 1.7 1.7) (drill 1) (layers *.Cu *.Mask)
      (net 1 GND))
  )

  (module MRS_Connectors:Header_1x05_P2.54mm (layer F.Cu) (tedit 5C6BD4CF) (tstamp 5CF92E74)
    (at 232 89)
    (descr "Through hole straight pin header, 1x05, 2.54mm pitch, single row")
    (tags "Through hole pin header THT 1x05 2.54mm single row")
    (path /5CAE6D61)
    (fp_text reference J1 (at -2 0 90) (layer F.SilkS)
      (effects (font (size 0.7 0.7) (thickness 0.15)))
    )
    (fp_text value SWO (at 0 12.49) (layer F.Fab)
      (effects (font (size 1 1) (thickness 0.15)))
    )
    (fp_line (start -0.635 -1.27) (end 1.27 -1.27) (layer F.Fab) (width 0.1))
    (fp_line (start 1.27 -1.27) (end 1.27 11.43) (layer F.Fab) (width 0.1))
    (fp_line (start 1.27 11.43) (end -1.27 11.43) (layer F.Fab) (width 0.1))
    (fp_line (start -1.27 11.43) (end -1.27 -0.635) (layer F.Fab) (width 0.1))
    (fp_line (start -1.27 -0.635) (end -0.635 -1.27) (layer F.Fab) (width 0.1))
    (fp_line (start -1.8 -1.8) (end -1.8 11.95) (layer F.CrtYd) (width 0.05))
    (fp_line (start -1.8 11.95) (end 1.8 11.95) (layer F.CrtYd) (width 0.05))
    (fp_line (start 1.8 11.95) (end 1.8 -1.8) (layer F.CrtYd) (width 0.05))
    (fp_line (start 1.8 -1.8) (end -1.8 -1.8) (layer F.CrtYd) (width 0.05))
    (fp_text user %R (at 0 5.08 90) (layer F.Fab)
      (effects (font (size 1 1) (thickness 0.15)))
    )
    (fp_line (start 1.3 -1.3) (end -1.3 -1.3) (layer F.SilkS) (width 0.15))
    (fp_line (start -1.3 -1.3) (end -1.3 11.5) (layer F.SilkS) (width 0.15))
    (fp_line (start -1.3 11.5) (end 1.3 11.5) (layer F.SilkS) (width 0.15))
    (fp_line (start 1.3 11.5) (end 1.3 -1.3) (layer F.SilkS) (width 0.15))
    (pad 1 thru_hole rect (at 0 0) (size 1.7 1.7) (drill 1) (layers *.Cu *.Mask)
      (net 4 VCC))
    (pad 2 thru_hole oval (at 0 2.54) (size 1.7 1.7) (drill 1) (layers *.Cu *.Mask)
      (net 16 /SWCLK))
    (pad 3 thru_hole oval (at 0 5.08) (size 1.7 1.7) (drill 1) (layers *.Cu *.Mask)
      (net 1 GND))
    (pad 4 thru_hole oval (at 0 7.62) (size 1.7 1.7) (drill 1) (layers *.Cu *.Mask)
      (net 15 /SWDIO))
    (pad 5 thru_hole oval (at 0 10.16) (size 1.7 1.7) (drill 1) (layers *.Cu *.Mask)
      (net 2 /NRST))
  )

  (module MRS_Connectors:SB0603 (layer F.Cu) (tedit 5CF92847) (tstamp 5CFA7998)
    (at 219.5 85.6)
    (path /5D028FCF)
    (fp_text reference SB1 (at -2.5 0) (layer F.SilkS)
      (effects (font (size 0.7 0.7) (thickness 0.15)))
    )
    (fp_text value SolderBridge (at 0 -1.25) (layer F.Fab) hide
      (effects (font (size 1 1) (thickness 0.15)))
    )
    (fp_text user %R (at 0.01 0.02) (layer F.Fab)
      (effects (font (size 0.4 0.4) (thickness 0.06)))
    )
    (fp_line (start -1.35 -0.6) (end -1.35 0.6) (layer F.SilkS) (width 0.15))
    (fp_poly (pts (xy -0.35 -0.475) (xy -0.35 0.475) (xy 0.01 0)) (layer F.Mask) (width 0))
    (fp_poly (pts (xy 0.35 -0.475) (xy 0.35 0.475) (xy -0.1 0.475) (xy 0.3 0)
      (xy -0.1 -0.475)) (layer F.Mask) (width 0))
    (fp_line (start -1.35 -0.6) (end 1.35 -0.6) (layer F.SilkS) (width 0.15))
    (fp_line (start 1.48 -0.73) (end 1.48 0.73) (layer F.CrtYd) (width 0.05))
    (fp_poly (pts (xy 0.35 -0.475) (xy 0.35 0.475) (xy -0.1 0.475) (xy 0.25 0)
      (xy -0.1 -0.475)) (layer F.Cu) (width 0))
    (fp_line (start 1.48 0.73) (end -1.48 0.73) (layer F.CrtYd) (width 0.05))
    (fp_poly (pts (xy -0.35 -0.475) (xy -0.35 0.475) (xy 0.01 0)) (layer F.Cu) (width 0))
    (fp_line (start 1.35 -0.6) (end 1.35 0.6) (layer F.SilkS) (width 0.15))
    (fp_line (start -1.35 0.6) (end 1.35 0.6) (layer F.SilkS) (width 0.15))
    (fp_line (start -1.48 -0.73) (end 1.48 -0.73) (layer F.CrtYd) (width 0.05))
    (fp_line (start -1.48 0.73) (end -1.48 -0.73) (layer F.CrtYd) (width 0.05))
    (fp_line (start 1.35 0.6) (end -1.35 0.6) (layer F.Fab) (width 0.15))
    (fp_line (start -1.35 -0.6) (end 1.35 -0.6) (layer F.Fab) (width 0.15))
    (fp_line (start 1.35 -0.6) (end 1.35 0.6) (layer F.Fab) (width 0.15))
    (fp_line (start -1.35 0.6) (end -1.35 -0.6) (layer F.Fab) (width 0.15))
    (pad 1 smd rect (at -0.7875 0) (size 0.875 0.95) (layers F.Cu F.Mask)
      (net 1 GND) (zone_connect 0))
    (pad 2 smd rect (at 0.7875 0) (size 0.875 0.95) (layers F.Cu F.Mask)
      (net 30 "Net-(SB1-Pad2)"))
  )

  (module MRS_Diodes:LED_0805 (layer F.Cu) (tedit 5CFA10EF) (tstamp 5CF92E05)
    (at 226 104 180)
    (path /5CA03BD4)
    (fp_text reference LD3 (at -2.7 0 180) (layer F.SilkS)
      (effects (font (size 0.7 0.7) (thickness 0.15)))
    )
    (fp_text value ORANGE (at 0 1.7 180) (layer F.Fab) hide
      (effects (font (size 1 1) (thickness 0.15)))
    )
    (fp_line (start -0.3 0) (end 0.3 -0.5) (layer F.SilkS) (width 0.15))
    (fp_line (start 0.3 0.5) (end -0.3 0) (layer F.SilkS) (width 0.15))
    (fp_line (start 0.3 -0.5) (end 0.3 0.5) (layer F.SilkS) (width 0.15))
    (fp_line (start -1.5 -0.8) (end 1.5 -0.8) (layer F.Fab) (width 0.1))
    (fp_line (start 1.5 -0.8) (end 1.5 0.8) (layer F.Fab) (width 0.1))
    (fp_text user %R (at 0 0 180) (layer F.Fab)
      (effects (font (size 0.7 0.7) (thickness 0.1)))
    )
    (fp_line (start 1.5 0.8) (end -1.5 0.8) (layer F.Fab) (width 0.1))
    (fp_line (start -1.5 0.8) (end -1.5 -0.8) (layer F.Fab) (width 0.1))
    (fp_line (start -1.7 0.8) (end -1.7 -0.8) (layer F.SilkS) (width 0.15))
    (fp_line (start 1.7 0.8) (end -1.7 0.8) (layer F.SilkS) (width 0.15))
    (fp_line (start 1.7 -0.8) (end 1.7 0.8) (layer F.SilkS) (width 0.15))
    (fp_line (start -1.7 -0.8) (end 1.7 -0.8) (layer F.SilkS) (width 0.15))
    (fp_line (start 1.85 0.95) (end -1.85 0.95) (layer F.CrtYd) (width 0.05))
    (fp_line (start 1.85 -0.95) (end 1.85 0.95) (layer F.CrtYd) (width 0.05))
    (fp_line (start -1.85 -0.95) (end 1.85 -0.95) (layer F.CrtYd) (width 0.05))
    (fp_line (start -1.85 0.95) (end -1.85 -0.95) (layer F.CrtYd) (width 0.05))
    (pad 2 smd rect (at 1.025 0 180) (size 1.15 1.4) (layers F.Cu F.Paste F.Mask)
      (net 14 "Net-(LD3-Pad2)"))
    (pad 1 smd rect (at -1.025 0 180) (size 1.15 1.4) (layers F.Cu F.Paste F.Mask)
      (net 1 GND))
    (model ${MRS_LIBS}/MRS_Diodes/3D_Models/LED_0805_2012Metric_Castellated.step
      (at (xyz 0 0 0))
      (scale (xyz 1 1 1))
      (rotate (xyz 0 0 0))
    )
  )

  (module MRS_Diodes:LED_0805 (layer F.Cu) (tedit 5CFA10E8) (tstamp 5CF92DEF)
    (at 226 100 180)
    (path /5CA03D99)
    (fp_text reference LD13 (at -3 0 180) (layer F.SilkS)
      (effects (font (size 0.7 0.7) (thickness 0.15)))
    )
    (fp_text value RED (at 0 1.7 180) (layer F.Fab) hide
      (effects (font (size 1 1) (thickness 0.15)))
    )
    (fp_line (start -1.85 0.95) (end -1.85 -0.95) (layer F.CrtYd) (width 0.05))
    (fp_line (start -1.85 -0.95) (end 1.85 -0.95) (layer F.CrtYd) (width 0.05))
    (fp_line (start 1.85 -0.95) (end 1.85 0.95) (layer F.CrtYd) (width 0.05))
    (fp_line (start 1.85 0.95) (end -1.85 0.95) (layer F.CrtYd) (width 0.05))
    (fp_line (start -1.7 -0.8) (end 1.7 -0.8) (layer F.SilkS) (width 0.15))
    (fp_line (start 1.7 -0.8) (end 1.7 0.8) (layer F.SilkS) (width 0.15))
    (fp_line (start 1.7 0.8) (end -1.7 0.8) (layer F.SilkS) (width 0.15))
    (fp_line (start -1.7 0.8) (end -1.7 -0.8) (layer F.SilkS) (width 0.15))
    (fp_line (start -1.5 0.8) (end -1.5 -0.8) (layer F.Fab) (width 0.1))
    (fp_line (start 1.5 0.8) (end -1.5 0.8) (layer F.Fab) (width 0.1))
    (fp_text user %R (at 0 0 180) (layer F.Fab)
      (effects (font (size 0.7 0.7) (thickness 0.1)))
    )
    (fp_line (start 1.5 -0.8) (end 1.5 0.8) (layer F.Fab) (width 0.1))
    (fp_line (start -1.5 -0.8) (end 1.5 -0.8) (layer F.Fab) (width 0.1))
    (fp_line (start 0.3 -0.5) (end 0.3 0.5) (layer F.SilkS) (width 0.15))
    (fp_line (start 0.3 0.5) (end -0.3 0) (layer F.SilkS) (width 0.15))
    (fp_line (start -0.3 0) (end 0.3 -0.5) (layer F.SilkS) (width 0.15))
    (pad 1 smd rect (at -1.025 0 180) (size 1.15 1.4) (layers F.Cu F.Paste F.Mask)
      (net 1 GND))
    (pad 2 smd rect (at 1.025 0 180) (size 1.15 1.4) (layers F.Cu F.Paste F.Mask)
      (net 12 "Net-(LD13-Pad2)"))
    (model ${MRS_LIBS}/MRS_Diodes/3D_Models/LED_0805_2012Metric_Castellated.step
      (at (xyz 0 0 0))
      (scale (xyz 1 1 1))
      (rotate (xyz 0 0 0))
    )
  )

  (module MRS_Mechanical:Mounting_hole_unplated_3,2mm (layer F.Cu) (tedit 5CAEFFE3) (tstamp 5CF964DB)
    (at 215 84)
    (path /5CB29AA5)
    (fp_text reference H1 (at 0 2.275) (layer F.SilkS) hide
      (effects (font (size 0.7 0.7) (thickness 0.15)))
    )
    (fp_text value Mounting_hole_unplated_3,2mm (at 0 -2.25) (layer F.Fab) hide
      (effects (font (size 1 1) (thickness 0.15)))
    )
    (fp_circle (center 0 0) (end 1.6 0) (layer F.Fab) (width 0.1))
    (fp_circle (center 0 0) (end 1.6 0) (layer B.Fab) (width 0.1))
    (fp_circle (center 0 0) (end 1.75 0) (layer B.CrtYd) (width 0.1))
    (fp_circle (center 0 0) (end 1.75 0) (layer F.CrtYd) (width 0.1))
    (pad "" np_thru_hole circle (at 0 0) (size 3.2 3.2) (drill 3.2) (layers *.Cu *.Mask))
  )

  (module MRS_Mechanical:Mounting_hole_unplated_3,2mm (layer F.Cu) (tedit 5CAEFFE3) (tstamp 5CF92DC7)
    (at 228 108)
    (path /5CB07C28)
    (fp_text reference H2 (at 0 2.275) (layer F.SilkS) hide
      (effects (font (size 0.7 0.7) (thickness 0.15)))
    )
    (fp_text value Mounting_hole_unplated_3,2mm (at 0 -2.25) (layer F.Fab) hide
      (effects (font (size 1 1) (thickness 0.15)))
    )
    (fp_circle (center 0 0) (end 1.6 0) (layer F.Fab) (width 0.1))
    (fp_circle (center 0 0) (end 1.6 0) (layer B.Fab) (width 0.1))
    (fp_circle (center 0 0) (end 1.75 0) (layer B.CrtYd) (width 0.1))
    (fp_circle (center 0 0) (end 1.75 0) (layer F.CrtYd) (width 0.1))
    (pad "" np_thru_hole circle (at 0 0) (size 3.2 3.2) (drill 3.2) (layers *.Cu *.Mask))
  )

  (module MRS_Passives:C0603 (layer F.Cu) (tedit 5CFA10C4) (tstamp 5CF92DBE)
    (at 215.6 89.2 180)
    (descr "Capacitor SMD 0603 (1608 Metric), square (rectangular) end terminal, IPC_7351 nominal, (Body size source: http://www.tortai-tech.com/upload/download/2011102023233369053.pdf), generated with kicad-footprint-generator")
    (tags capacitor)
    (path /5CA1A1FA)
    (attr smd)
    (fp_text reference C1 (at 2.1 0 180) (layer F.SilkS)
      (effects (font (size 0.7 0.7) (thickness 0.15)))
    )
    (fp_text value 1uF (at 0 1.43 180) (layer F.Fab) hide
      (effects (font (size 1 1) (thickness 0.15)))
    )
    (fp_line (start -1.3 -0.55) (end 1.3 -0.55) (layer F.Fab) (width 0.1))
    (fp_line (start 1.3 -0.55) (end 1.3 0.55) (layer F.Fab) (width 0.1))
    (fp_line (start -1.48 0.73) (end -1.48 -0.73) (layer F.CrtYd) (width 0.05))
    (fp_line (start -1.48 -0.73) (end 1.48 -0.73) (layer F.CrtYd) (width 0.05))
    (fp_line (start 1.48 -0.73) (end 1.48 0.73) (layer F.CrtYd) (width 0.05))
    (fp_line (start 1.48 0.73) (end -1.48 0.73) (layer F.CrtYd) (width 0.05))
    (fp_text user %R (at 0 0 180) (layer F.Fab)
      (effects (font (size 0.6 0.6) (thickness 0.1)))
    )
    (fp_line (start -1.325 -0.575) (end 1.325 -0.575) (layer F.SilkS) (width 0.15))
    (fp_line (start 1.325 -0.575) (end 1.325 0.575) (layer F.SilkS) (width 0.15))
    (fp_line (start 1.325 0.575) (end -1.325 0.575) (layer F.SilkS) (width 0.15))
    (fp_line (start -1.325 0.575) (end -1.325 -0.575) (layer F.SilkS) (width 0.15))
    (fp_line (start -1.3 0.55) (end -1.3 -0.55) (layer F.Fab) (width 0.1))
    (fp_line (start 1.3 0.55) (end -1.3 0.55) (layer F.Fab) (width 0.1))
    (pad 1 smd roundrect (at -0.7875 0 180) (size 0.875 0.95) (layers F.Cu F.Paste F.Mask) (roundrect_rratio 0.25)
      (net 4 VCC))
    (pad 2 smd roundrect (at 0.7875 0 180) (size 0.875 0.95) (layers F.Cu F.Paste F.Mask) (roundrect_rratio 0.25)
      (net 1 GND))
    (model ${MRS_LIBS}/MRS_Passives/3D_Models/C_0603_1608Metric.step
      (at (xyz 0 0 0))
      (scale (xyz 1 1 1))
      (rotate (xyz 0 0 0))
    )
  )

  (module MRS_Passives:C0603 (layer F.Cu) (tedit 5CFA10BE) (tstamp 5CF92DAB)
    (at 215.6 92.4 180)
    (descr "Capacitor SMD 0603 (1608 Metric), square (rectangular) end terminal, IPC_7351 nominal, (Body size source: http://www.tortai-tech.com/upload/download/2011102023233369053.pdf), generated with kicad-footprint-generator")
    (tags capacitor)
    (path /5CA1AEDD)
    (attr smd)
    (fp_text reference C2 (at 2.1 0 180) (layer F.SilkS)
      (effects (font (size 0.7 0.7) (thickness 0.15)))
    )
    (fp_text value 0.1uF (at 0 1.43 180) (layer F.Fab) hide
      (effects (font (size 1 1) (thickness 0.15)))
    )
    (fp_line (start 1.3 0.55) (end -1.3 0.55) (layer F.Fab) (width 0.1))
    (fp_line (start -1.3 0.55) (end -1.3 -0.55) (layer F.Fab) (width 0.1))
    (fp_line (start -1.325 0.575) (end -1.325 -0.575) (layer F.SilkS) (width 0.15))
    (fp_line (start 1.325 0.575) (end -1.325 0.575) (layer F.SilkS) (width 0.15))
    (fp_line (start 1.325 -0.575) (end 1.325 0.575) (layer F.SilkS) (width 0.15))
    (fp_line (start -1.325 -0.575) (end 1.325 -0.575) (layer F.SilkS) (width 0.15))
    (fp_text user %R (at 0 0 180) (layer F.Fab)
      (effects (font (size 0.6 0.6) (thickness 0.1)))
    )
    (fp_line (start 1.48 0.73) (end -1.48 0.73) (layer F.CrtYd) (width 0.05))
    (fp_line (start 1.48 -0.73) (end 1.48 0.73) (layer F.CrtYd) (width 0.05))
    (fp_line (start -1.48 -0.73) (end 1.48 -0.73) (layer F.CrtYd) (width 0.05))
    (fp_line (start -1.48 0.73) (end -1.48 -0.73) (layer F.CrtYd) (width 0.05))
    (fp_line (start 1.3 -0.55) (end 1.3 0.55) (layer F.Fab) (width 0.1))
    (fp_line (start -1.3 -0.55) (end 1.3 -0.55) (layer F.Fab) (width 0.1))
    (pad 2 smd roundrect (at 0.7875 0 180) (size 0.875 0.95) (layers F.Cu F.Paste F.Mask) (roundrect_rratio 0.25)
      (net 1 GND))
    (pad 1 smd roundrect (at -0.7875 0 180) (size 0.875 0.95) (layers F.Cu F.Paste F.Mask) (roundrect_rratio 0.25)
      (net 4 VCC))
    (model ${MRS_LIBS}/MRS_Passives/3D_Models/C_0603_1608Metric.step
      (at (xyz 0 0 0))
      (scale (xyz 1 1 1))
      (rotate (xyz 0 0 0))
    )
  )

  (module MRS_Passives:C0603 (layer F.Cu) (tedit 5CFA10E3) (tstamp 5CF92D98)
    (at 227 97 270)
    (descr "Capacitor SMD 0603 (1608 Metric), square (rectangular) end terminal, IPC_7351 nominal, (Body size source: http://www.tortai-tech.com/upload/download/2011102023233369053.pdf), generated with kicad-footprint-generator")
    (tags capacitor)
    (path /5CA1BA39)
    (attr smd)
    (fp_text reference C3 (at 0 -1.2 270) (layer F.SilkS)
      (effects (font (size 0.7 0.7) (thickness 0.15)))
    )
    (fp_text value 0.1uF (at 0 1.43 270) (layer F.Fab) hide
      (effects (font (size 1 1) (thickness 0.15)))
    )
    (fp_line (start -1.3 -0.55) (end 1.3 -0.55) (layer F.Fab) (width 0.1))
    (fp_line (start 1.3 -0.55) (end 1.3 0.55) (layer F.Fab) (width 0.1))
    (fp_line (start -1.48 0.73) (end -1.48 -0.73) (layer F.CrtYd) (width 0.05))
    (fp_line (start -1.48 -0.73) (end 1.48 -0.73) (layer F.CrtYd) (width 0.05))
    (fp_line (start 1.48 -0.73) (end 1.48 0.73) (layer F.CrtYd) (width 0.05))
    (fp_line (start 1.48 0.73) (end -1.48 0.73) (layer F.CrtYd) (width 0.05))
    (fp_text user %R (at 0 0 270) (layer F.Fab)
      (effects (font (size 0.6 0.6) (thickness 0.1)))
    )
    (fp_line (start -1.325 -0.575) (end 1.325 -0.575) (layer F.SilkS) (width 0.15))
    (fp_line (start 1.325 -0.575) (end 1.325 0.575) (layer F.SilkS) (width 0.15))
    (fp_line (start 1.325 0.575) (end -1.325 0.575) (layer F.SilkS) (width 0.15))
    (fp_line (start -1.325 0.575) (end -1.325 -0.575) (layer F.SilkS) (width 0.15))
    (fp_line (start -1.3 0.55) (end -1.3 -0.55) (layer F.Fab) (width 0.1))
    (fp_line (start 1.3 0.55) (end -1.3 0.55) (layer F.Fab) (width 0.1))
    (pad 1 smd roundrect (at -0.7875 0 270) (size 0.875 0.95) (layers F.Cu F.Paste F.Mask) (roundrect_rratio 0.25)
      (net 4 VCC))
    (pad 2 smd roundrect (at 0.7875 0 270) (size 0.875 0.95) (layers F.Cu F.Paste F.Mask) (roundrect_rratio 0.25)
      (net 1 GND))
    (model ${MRS_LIBS}/MRS_Passives/3D_Models/C_0603_1608Metric.step
      (at (xyz 0 0 0))
      (scale (xyz 1 1 1))
      (rotate (xyz 0 0 0))
    )
  )

  (module MRS_Passives:C0603 (layer F.Cu) (tedit 5CF92A8C) (tstamp 5CF92D85)
    (at 215.25 106.25 180)
    (descr "Capacitor SMD 0603 (1608 Metric), square (rectangular) end terminal, IPC_7351 nominal, (Body size source: http://www.tortai-tech.com/upload/download/2011102023233369053.pdf), generated with kicad-footprint-generator")
    (tags capacitor)
    (path /5CA26A1F)
    (attr smd)
    (fp_text reference C4 (at -2.25 0 180) (layer F.SilkS)
      (effects (font (size 0.7 0.7) (thickness 0.15)))
    )
    (fp_text value 10uF (at 0 1.43 180) (layer F.Fab) hide
      (effects (font (size 1 1) (thickness 0.15)))
    )
    (fp_line (start 1.3 0.55) (end -1.3 0.55) (layer F.Fab) (width 0.1))
    (fp_line (start -1.3 0.55) (end -1.3 -0.55) (layer F.Fab) (width 0.1))
    (fp_line (start -1.325 0.575) (end -1.325 -0.575) (layer F.SilkS) (width 0.15))
    (fp_line (start 1.325 0.575) (end -1.325 0.575) (layer F.SilkS) (width 0.15))
    (fp_line (start 1.325 -0.575) (end 1.325 0.575) (layer F.SilkS) (width 0.15))
    (fp_line (start -1.325 -0.575) (end 1.325 -0.575) (layer F.SilkS) (width 0.15))
    (fp_text user %R (at 0 0 180) (layer F.Fab)
      (effects (font (size 0.6 0.6) (thickness 0.1)))
    )
    (fp_line (start 1.48 0.73) (end -1.48 0.73) (layer F.CrtYd) (width 0.05))
    (fp_line (start 1.48 -0.73) (end 1.48 0.73) (layer F.CrtYd) (width 0.05))
    (fp_line (start -1.48 -0.73) (end 1.48 -0.73) (layer F.CrtYd) (width 0.05))
    (fp_line (start -1.48 0.73) (end -1.48 -0.73) (layer F.CrtYd) (width 0.05))
    (fp_line (start 1.3 -0.55) (end 1.3 0.55) (layer F.Fab) (width 0.1))
    (fp_line (start -1.3 -0.55) (end 1.3 -0.55) (layer F.Fab) (width 0.1))
    (pad 2 smd roundrect (at 0.7875 0 180) (size 0.875 0.95) (layers F.Cu F.Paste F.Mask) (roundrect_rratio 0.25)
      (net 1 GND))
    (pad 1 smd roundrect (at -0.7875 0 180) (size 0.875 0.95) (layers F.Cu F.Paste F.Mask) (roundrect_rratio 0.25)
      (net 19 +5V))
    (model ${MRS_LIBS}/MRS_Passives/3D_Models/C_0603_1608Metric.step
      (at (xyz 0 0 0))
      (scale (xyz 1 1 1))
      (rotate (xyz 0 0 0))
    )
  )

  (module MRS_Passives:C0603 (layer F.Cu) (tedit 5CF92A91) (tstamp 5CF92D72)
    (at 215.25 104.75 180)
    (descr "Capacitor SMD 0603 (1608 Metric), square (rectangular) end terminal, IPC_7351 nominal, (Body size source: http://www.tortai-tech.com/upload/download/2011102023233369053.pdf), generated with kicad-footprint-generator")
    (tags capacitor)
    (path /5CA26949)
    (attr smd)
    (fp_text reference C5 (at -2.25 0 180) (layer F.SilkS)
      (effects (font (size 0.7 0.7) (thickness 0.15)))
    )
    (fp_text value 1uF (at 0 1.43 180) (layer F.Fab) hide
      (effects (font (size 1 1) (thickness 0.15)))
    )
    (fp_line (start -1.3 -0.55) (end 1.3 -0.55) (layer F.Fab) (width 0.1))
    (fp_line (start 1.3 -0.55) (end 1.3 0.55) (layer F.Fab) (width 0.1))
    (fp_line (start -1.48 0.73) (end -1.48 -0.73) (layer F.CrtYd) (width 0.05))
    (fp_line (start -1.48 -0.73) (end 1.48 -0.73) (layer F.CrtYd) (width 0.05))
    (fp_line (start 1.48 -0.73) (end 1.48 0.73) (layer F.CrtYd) (width 0.05))
    (fp_line (start 1.48 0.73) (end -1.48 0.73) (layer F.CrtYd) (width 0.05))
    (fp_text user %R (at 0 0 180) (layer F.Fab)
      (effects (font (size 0.6 0.6) (thickness 0.1)))
    )
    (fp_line (start -1.325 -0.575) (end 1.325 -0.575) (layer F.SilkS) (width 0.15))
    (fp_line (start 1.325 -0.575) (end 1.325 0.575) (layer F.SilkS) (width 0.15))
    (fp_line (start 1.325 0.575) (end -1.325 0.575) (layer F.SilkS) (width 0.15))
    (fp_line (start -1.325 0.575) (end -1.325 -0.575) (layer F.SilkS) (width 0.15))
    (fp_line (start -1.3 0.55) (end -1.3 -0.55) (layer F.Fab) (width 0.1))
    (fp_line (start 1.3 0.55) (end -1.3 0.55) (layer F.Fab) (width 0.1))
    (pad 1 smd roundrect (at -0.7875 0 180) (size 0.875 0.95) (layers F.Cu F.Paste F.Mask) (roundrect_rratio 0.25)
      (net 19 +5V))
    (pad 2 smd roundrect (at 0.7875 0 180) (size 0.875 0.95) (layers F.Cu F.Paste F.Mask) (roundrect_rratio 0.25)
      (net 1 GND))
    (model ${MRS_LIBS}/MRS_Passives/3D_Models/C_0603_1608Metric.step
      (at (xyz 0 0 0))
      (scale (xyz 1 1 1))
      (rotate (xyz 0 0 0))
    )
  )

  (module MRS_Passives:C0603 (layer F.Cu) (tedit 5CFA10B1) (tstamp 5CF92D5F)
    (at 215.25 97.75 180)
    (descr "Capacitor SMD 0603 (1608 Metric), square (rectangular) end terminal, IPC_7351 nominal, (Body size source: http://www.tortai-tech.com/upload/download/2011102023233369053.pdf), generated with kicad-footprint-generator")
    (tags capacitor)
    (path /5CAD3BF7)
    (attr smd)
    (fp_text reference C7 (at -2.1 0 180) (layer F.SilkS)
      (effects (font (size 0.7 0.7) (thickness 0.15)))
    )
    (fp_text value 1uF (at 0 1.43 180) (layer F.Fab) hide
      (effects (font (size 1 1) (thickness 0.15)))
    )
    (fp_line (start 1.3 0.55) (end -1.3 0.55) (layer F.Fab) (width 0.1))
    (fp_line (start -1.3 0.55) (end -1.3 -0.55) (layer F.Fab) (width 0.1))
    (fp_line (start -1.325 0.575) (end -1.325 -0.575) (layer F.SilkS) (width 0.15))
    (fp_line (start 1.325 0.575) (end -1.325 0.575) (layer F.SilkS) (width 0.15))
    (fp_line (start 1.325 -0.575) (end 1.325 0.575) (layer F.SilkS) (width 0.15))
    (fp_line (start -1.325 -0.575) (end 1.325 -0.575) (layer F.SilkS) (width 0.15))
    (fp_text user %R (at 0 0 180) (layer F.Fab)
      (effects (font (size 0.6 0.6) (thickness 0.1)))
    )
    (fp_line (start 1.48 0.73) (end -1.48 0.73) (layer F.CrtYd) (width 0.05))
    (fp_line (start 1.48 -0.73) (end 1.48 0.73) (layer F.CrtYd) (width 0.05))
    (fp_line (start -1.48 -0.73) (end 1.48 -0.73) (layer F.CrtYd) (width 0.05))
    (fp_line (start -1.48 0.73) (end -1.48 -0.73) (layer F.CrtYd) (width 0.05))
    (fp_line (start 1.3 -0.55) (end 1.3 0.55) (layer F.Fab) (width 0.1))
    (fp_line (start -1.3 -0.55) (end 1.3 -0.55) (layer F.Fab) (width 0.1))
    (pad 2 smd roundrect (at 0.7875 0 180) (size 0.875 0.95) (layers F.Cu F.Paste F.Mask) (roundrect_rratio 0.25)
      (net 1 GND))
    (pad 1 smd roundrect (at -0.7875 0 180) (size 0.875 0.95) (layers F.Cu F.Paste F.Mask) (roundrect_rratio 0.25)
      (net 4 VCC))
    (model ${MRS_LIBS}/MRS_Passives/3D_Models/C_0603_1608Metric.step
      (at (xyz 0 0 0))
      (scale (xyz 1 1 1))
      (rotate (xyz 0 0 0))
    )
  )

  (module MRS_Passives:C0603 (layer F.Cu) (tedit 5CFA10B6) (tstamp 5CF92D4C)
    (at 215.25 96.25 180)
    (descr "Capacitor SMD 0603 (1608 Metric), square (rectangular) end terminal, IPC_7351 nominal, (Body size source: http://www.tortai-tech.com/upload/download/2011102023233369053.pdf), generated with kicad-footprint-generator")
    (tags capacitor)
    (path /5CAD3977)
    (attr smd)
    (fp_text reference C6 (at -2.1 0 180) (layer F.SilkS)
      (effects (font (size 0.7 0.7) (thickness 0.15)))
    )
    (fp_text value 10uF (at 0 1.43 180) (layer F.Fab) hide
      (effects (font (size 1 1) (thickness 0.15)))
    )
    (fp_line (start -1.3 -0.55) (end 1.3 -0.55) (layer F.Fab) (width 0.1))
    (fp_line (start 1.3 -0.55) (end 1.3 0.55) (layer F.Fab) (width 0.1))
    (fp_line (start -1.48 0.73) (end -1.48 -0.73) (layer F.CrtYd) (width 0.05))
    (fp_line (start -1.48 -0.73) (end 1.48 -0.73) (layer F.CrtYd) (width 0.05))
    (fp_line (start 1.48 -0.73) (end 1.48 0.73) (layer F.CrtYd) (width 0.05))
    (fp_line (start 1.48 0.73) (end -1.48 0.73) (layer F.CrtYd) (width 0.05))
    (fp_text user %R (at 0 0 180) (layer F.Fab)
      (effects (font (size 0.6 0.6) (thickness 0.1)))
    )
    (fp_line (start -1.325 -0.575) (end 1.325 -0.575) (layer F.SilkS) (width 0.15))
    (fp_line (start 1.325 -0.575) (end 1.325 0.575) (layer F.SilkS) (width 0.15))
    (fp_line (start 1.325 0.575) (end -1.325 0.575) (layer F.SilkS) (width 0.15))
    (fp_line (start -1.325 0.575) (end -1.325 -0.575) (layer F.SilkS) (width 0.15))
    (fp_line (start -1.3 0.55) (end -1.3 -0.55) (layer F.Fab) (width 0.1))
    (fp_line (start 1.3 0.55) (end -1.3 0.55) (layer F.Fab) (width 0.1))
    (pad 1 smd roundrect (at -0.7875 0 180) (size 0.875 0.95) (layers F.Cu F.Paste F.Mask) (roundrect_rratio 0.25)
      (net 4 VCC))
    (pad 2 smd roundrect (at 0.7875 0 180) (size 0.875 0.95) (layers F.Cu F.Paste F.Mask) (roundrect_rratio 0.25)
      (net 1 GND))
    (model ${MRS_LIBS}/MRS_Passives/3D_Models/C_0603_1608Metric.step
      (at (xyz 0 0 0))
      (scale (xyz 1 1 1))
      (rotate (xyz 0 0 0))
    )
  )

  (module MRS_Passives:R0603 (layer F.Cu) (tedit 5CFA10D3) (tstamp 5CF92D39)
    (at 232.5 84 90)
    (path /5CB27C07)
    (fp_text reference R1 (at -2.1 0 90) (layer F.SilkS)
      (effects (font (size 0.7 0.7) (thickness 0.15)))
    )
    (fp_text value 10k (at 0 1.55 90) (layer F.Fab) hide
      (effects (font (size 1 1) (thickness 0.15)))
    )
    (fp_line (start -1.48 0.73) (end -1.48 -0.73) (layer F.CrtYd) (width 0.05))
    (fp_line (start -1.35 -0.6) (end 1.35 -0.6) (layer F.SilkS) (width 0.15))
    (fp_line (start -1.35 0.6) (end 1.35 0.6) (layer F.SilkS) (width 0.15))
    (fp_line (start -1.35 -0.6) (end -1.35 0.6) (layer F.SilkS) (width 0.15))
    (fp_line (start 1.48 0.73) (end -1.48 0.73) (layer F.CrtYd) (width 0.05))
    (fp_line (start 1.35 -0.6) (end 1.35 0.6) (layer F.SilkS) (width 0.15))
    (fp_line (start 1.48 -0.73) (end 1.48 0.73) (layer F.CrtYd) (width 0.05))
    (fp_line (start -1.48 -0.73) (end 1.48 -0.73) (layer F.CrtYd) (width 0.05))
    (fp_line (start -1.3 0.55) (end -1.3 -0.55) (layer F.Fab) (width 0.1))
    (fp_text user %R (at 0 0 90) (layer F.Fab)
      (effects (font (size 0.6 0.6) (thickness 0.1)))
    )
    (fp_line (start 1.3 -0.55) (end 1.3 0.55) (layer F.Fab) (width 0.1))
    (fp_line (start 1.3 0.55) (end -1.3 0.55) (layer F.Fab) (width 0.1))
    (fp_line (start -1.3 -0.55) (end 1.3 -0.55) (layer F.Fab) (width 0.1))
    (pad 2 smd rect (at 0.7875 0 90) (size 0.875 0.95) (layers F.Cu F.Paste F.Mask)
      (net 5 /SENS_ENA))
    (pad 1 smd rect (at -0.7875 0 90) (size 0.875 0.95) (layers F.Cu F.Paste F.Mask)
      (net 4 VCC))
    (model ${MRS_LIBS}/MRS_Passives/3D_Models/R_0603_1608Metric.step
      (at (xyz 0 0 0))
      (scale (xyz 1 1 1))
      (rotate (xyz 0 0 0))
    )
  )

  (module MRS_Passives:R0603 (layer F.Cu) (tedit 5CF92E80) (tstamp 5CF92D26)
    (at 222 100)
    (path /5CA0E18A)
    (fp_text reference R2 (at -2.1 0) (layer F.SilkS)
